000000000000000000000000000000000000000000000000000000000000000000000000000000000000000000000000000000000000000000000000000000000000000000000000000000000000000000000000000000000000000000000000000000000000000000000000000000000000000000000000
000000000000000000000000000000000000000000000000000000000000000000000000000000000000000000000000000000000000000000000000000000000000000000000000000000000000000000000000000000000000000000000000000000000000000000000000000000000000000000000000
000000000000000000000000000000000000000000000000000000000000000000000000000000000000000000000000000000000000000000000000000000000000000000000000000000000000000000000000000000000000000000000000000000000000000000000000000000000000000000000000
000000000000000000000000000000000000000000000000000000000000000000000000000000000000000000000000000000000000000000000000000000000000000000000000000000000000000000000000000000000000000000000000000000000000000000000000000000000000000000000000
000000000000000000000000000000000000000000000000000000000000000000000000000000000000000000000000000000000000000000000000111111111111111111110000000000111111111100000000000000000000000000000000000000000000000011111111111111111111111100000000
000000000000000000000000000000000000000000000000000000000000000000000000000000000000000000000000000000000000000000000000111111111111111111110000000000111111111100000000000000000000000000000000000000000000000011111111111111111111111100000000
000000000000000000000000000000000000000000000000000000000000000000000000000000000000000000000000000000000000000000000000111111111111100000000000000000111111111100000000000000000000000000000000000000000000000011111111111111111111111100000000
000000000000000000000000000000000000000000000000000000000000000000000000000000000000000000000000000000000000000000000000111111111111100000000000000000111111111100000000000000000000000000000000000000000000000011111111111111111111111100000000
000000000000000000000000000000000000000000000000000000000000000000000000000000000000000000000000000000000000000000000000111111111111100000000000000000111111111100000000000000000000000000000000000000000000000011111111111111111111111100000000
000000000000000000000000000000000000000000000000000000000000000000000000000000000000000000000000000000000000000000000000111111111111100000000000000000111111111100000000000000000000000000000000000000000000000011111111111111111111111100000000
000000000000000000000000000000000000000000000000000000000000000000000000000000000000000000000000000000000000000000000000111111111111100000000000000000111111111100000000000000000000000000000000000000000000000011111111111111111111111100000000
000000000000000000000000000000000000000000000000000000000000000000000000000000000000000000000000000000000000000000000000111111111111100000000000000000111111111100000000000000000000000000000000000000000000000011111111111111111111111100000000
000000000000000000000000000000000000000000000000000000000000000000000000000000000000000000000000000000000000000000000000111111111111100000000000000000111111111100000000000000000000000000000000000000000000000011111111000000001111111100000000
000000000000000000000000000000000000000000000000000000000000000000000000000000000000000000000000000000000000000000000000111111111111100000000000000000111111111100000000000000000000000000000000000000000000000011111111000000001111111100000000
000000000000000000000000000000000000000000000000000000000000000000000000000000000000000000000000000000000000000000000000111111111111100000000000000000111111111100000000000000000000000000000000000000000000000011111111000000001111111100000000
000000000000000000000000000000000000000000000000000000000000000000000000000000000000000000000000000000000000000000000000111111111111100000000000000001111111111100000000000000000000000000000000000000000000000011111111000000001111111100000000
000000000000000000000000000000000000000000000000000000000000000000000000000000000000000000000000000000000000000000000000111111111111100000000000000111111111111100000000000000000000000000000000000000000000000011111111000000001111111100000000
000000000000000000000000000000000000000000000000000000000000000000000000000000000000000000000000000000000000000000000000111111111111100000000000001111111111111100000000000000000000000000000000000000000000000011111111000000001111111100000000
000000000000000000000000000000000000000000000000000000000000000000000000000000000000000000000000000000000000000000000000111111111111100000000000001111111111111100000000000000000000000000000000000000000000000011111111000000001111111100000000
000000000000000000000000000000000000000000000000000000000000000000000000000000000000000000000000000000000000000000000000111111111111100000000000011111111111111100000000000000000000000000000000000000000000000011111111000000001111111100000000
000000000000000000000000000000000000000000000000000000000000000000000000000000000000000000000000000000000000000000000000111111111111110000000000111111111111111111110000000000000000000000001111000011111111111111111111000000001111111100000000
000000000000000000000000000000000000000000000000000000000000000000000000000000000000000000000000000000000000000000000000111111111111111111111111111111111111111111110000000000000000000000001111000011111111111111111111000000001111111100000000
000000000000000000000000000000000000000000000000000000000000000000000000000000000000000000000000000000000000000000000000111111111111111111111111111111111111111111110000000000000000000000001111000011111111111111111111000000001111111100000000
000000000000000000000000000000000000000000000000000000000000000000000000000000000000000000000000000000000000000000000011111111111110000011111111111111111111111111110000000000000000000000001111000011111111111111111111000000001111111100000000
000000000000000000000000000000000000000000000000000000000000000000000000000000000000000000000000000000000000000000000011111111111110000000111111111111111111111111110000000000000000000011111111222222221111000000001111111111111111111100000000
000000000000000000000000000000000000000000000000000000000000000000000000000000000000000000000000000000000000000000000011111111111110000000001111111111111111111111110000000000000000000011111111222222221111000000001111111111111111111100000000
000000000000000000000000000000000000000000000000000000000000000000000000000000000000000000000000000000000000000000000011111111111110000000001111111111111111111111110000000000000000000011111111222222221111000000001111111111111111111100000000
000000000000000000000000000000000000000000000000000000000000000000000000000000000000000000000000000000000000000000000011111111111111100000000111111111111111111111110000000000000000000011111111222222221111000000001111111111111111111100000000
000000000000000000000000000000000000000000000000000000000000000000000000000000000000000000000000000000000000000000000011111111111111100000000111111111111111111111110000000000000000000011111111222222221111000000001111111111111111111100000000
000000000000000000000000000000000000000000000000000000000000000000000000000000000000000000000000000000000000000000000011111111111111100000000011111111111111111111110000000000000000000011111111222222221111000000001111111111111111111100000000
000000000000000000000000000000000000000000000000000000000000000000000000000000000000000000000000000000000000000000000011111111111111100000000011111111111111111111110000000000000000000011111111222222221111000000001111111111111111111100000000
000000000000000000000000000000000000000000000000000000000000000000000000000000000000000000000000000000000000000000000011111111111111100000000000011111111111111111110000000000000000000011111111222222221111000000001111111111111111111100000000
000000000000000000000000000000000000000000000000000000000000000000000000000000000000000000000000000000000000000000000011111111111111111000000000011111111111111111111111111111111111111111111111111111111111111111111111111111111111111111110000
000000000000000000000000000000000000000000000000000000000000000000000000000000000000000000000000000000000000000000000011111111111111111110000000001111111111111111111111111111111111111111111111111111111111111111111111111111111111111111110000
000000000000000000000000000000000000000000000000000000000000000000000000000000000000000000000000000000000000000000000011111111111111111110000000001111111111111111111111111111111111111111111111111111111111111111111111111111111111111111110000
000000000000000000000000000000000000000000000000000000000000000000000000000000000000000000000000000000000000000000000011111111111111111110000000000011111111111111111111111111111111111111111111111111111111111111111111111111111111111111110000
000000000000000000000000000000000000000000000000000000000000000000000000000000000000000000000000000000000000000000000011111111111111111111100000000011111111111111111111111111111111111111111111111111111111111111111111111111111111111111110000
000000000000000000000000000000000000000000000000000000000000000000000000000000000000000000000000000000000000000000000011111111111111111111111000000001111111111111111111111111111111111111111111111111111111111111111111111111111111111111110000
000000000000000000000000000000000000000000000000000000000000000000000000000000000000000000000000000000000000000000000011111111111111111111111000000000111111111111111111111111111111111111111111111111111111111111111111111111111111111111110000
000000000000000000000000000000000000000000000000000000000000000000000000000000000000000000000000000000000000000000000011111111111111111111111000000000111111111111111111111111111111111111111111111111111111111111111111111111111111111111110000
022211111111111111111111110000000000000000000000000000000000000000000000000000000000000000000000000000001111111111111111111111111111111111111110000000111111111111111111111111111111111111111111111111111111111111111111111111111111111111110000
022211111111111111111111111000000000000000000000000000000000000000000000000000000000000000000000000000001111111111111111111111111111111111111111100000111111111111111111111111111111111111111111111111111111111111111111111111111111111111110000
022211111111111111111111111100000000000000000000000000000000000000000000000000000000000000000000000000000000000000000011111111111111111111111111100000111111111111111111111111111111111111111111111111111111111111111111111111111111111111110000
022211111111111111111111111110000000000000000000000000000000000000000000000000000000000000000000000000000000000000000011111111111111111111111111100000001111111111111111111111111111111111111111111111111111111111111111111111111111111111110000
022211111111111111111111111111100000000000000000000000000000000000000000000000111111111111100000000000000000000000000011111111111111111111111111100000221111111111111111111111111111111111111111111111111111111111111111111111111111111111112220
022211111111111111111111111111110000000000000000000000000000000000000000000001111111111111110000000000000000000000000011111111111111111111111111100000221111111111111111111111111111111111111111111111111111111111111111111111111111111111112220
022211111111111111111111111111110000000000000000000000000000000000000000000001111111111111110000000000000000000000000011111111111111111111111111100000221111111111111111111111111111111111111111111111111111111111111111111111111111111111112220
022211111111111111111111111111111000000000000000000000000000000000000000000001111111111111110000000000000000000000000011111111111111111111111111100000221111111111111111111111111111111111111111111111111111111111111111111111111111111111112220
022211111111111111111111111111111100000000000000000000000000000000000000000001111111111111110000000000000000000000000011111111111111111111111111100000221111111111111111111111111111111111111111111111111111111111111111111111111111111111112220
022211111111111111111111111111111110000000000000000000000000000000000000011111111111111111110000000000000000000000000011111111111111111111111111100000221111111111111111111111111111111111111111111111111111111111111111111111111111111111112220
000000000000000000111111111111111111000000000000000000000000000000000001111111111111111111110000000000000000000000000011111111111111111111111111100000221111111111111111111111111111111111111111111111111111111111111111111111111111111111112220
000000000000000000011111111111111111100000000000000000000000000000000011111111111111111111111000000000000000000000000011111111111111111111111111100000221111111111111111111111111111111111111111111111111111111111111111111111111111111111112220
000000000000000000011111111111111111110000000000000000000000000000111111111111111111111111112222222200000000000000000011111111111111111111111111100000001111111111111111111111111111111111111111111111111111111111111111111111111111111111110000
000000000000000000011111111111111111111000000000000000000000000000111111111111111111100001112222222200000000000000000011111111111111111111111111100000111111111111111111111111111111111111111111111111111111111111111111111111111111111111110000
000000000000000000011111111111111111111100000000000000000000000000111111111111111111100001112222222200000000000000000011111111111111111111111111100000111111111111111111111111111111111111111111111111111111000000111111111111111111111111110000
000000000000000000000000111111111111111110000000000000000000000000111111111111111111100001112222222200000000000000000011111111111111111111111111100000111111111111111111111111111111111111111111111111111111000000111111111111111111111111110000
000000000000000000000000011111111111111111110000000000000000000000111111111111111111100001110000000000000000000000000011111111111111111111111111100000111111111111111111111111111111111111111111111111111111000000111111111111111111111111110000
000000000000000000000000011111111111111111110000000000000000000000111111111111111111100000000000000000000000000000000011111111111111111111111111100000111111111111111111111111111111111111111111110000000000000000001111111111111111111111110000
000000000000000000000000011111111111111111111000000000000000000011111111111111111111000000000000000000000000000000000011111111111111111111111000000000111111111111111111111111111111111111111111110000000000000000001111111111111111111111110000
000000000000000000000000011111111111111111111100000000000000000111111111111111111110000000000000000000000000000000000011111111111111111111111000000000111111111111111111111111111111111111111111110000000000000000001111111111111111111111110000
000000000000000000000000000011111111111111111111111111111111111111111111111111110000000000000000000000000000000000000011111111111111111111111000000000111111111111111111111111111111111111111111110000000000000000001111111111111111111111110000
000000000000000000000000000001111111111111111111111111111111111111111111111111100000000000000000000000000000000000000000111111111111111111100000000000111111110000000000000000000000000011111111110000000000000000001111111111111111111111110000
000000000000000000000000000001111111111111111111111111111111111111111111111111000000000000000000000000000000000000000000111111111111111111100000000000111111110000000000000000000000000011111111110000000000000000001111111111111111111111110000
000000000000000000000000000001111111111111111111111111111111111111111111111111000000000000000000000000000000000000000000111111111111111110000000000000111111110000000000000000000000000011111111110000000000000000001111111111111111111111110000
000000000000000000000000000001111111111111111111111111111111111111111111111111000000000000000000000000000000000000000000111111111111111110000000000000111111110000000000000000000000000011111111110000000000000000001111111111111111111111110000
000000000000000000000000000001111111111111111111111111111111111111111111111110000000000000000000000000000000000000000000111111111111111000000000000000111111110000000000000000000000000011111111110000000000000000001111111111111111111111110000
000000000000000000000000000000111111111111111111111111111111111111111111111100000000000000000000000000000000000000000000111111111111100000000000000000111111110000000000000000000000000011111111110000000000000000001111111111111111111111110000
000000000000000000000000000000011111111111111111111111111111111111111111111000000000000000000000000000000000000000000000111111111111100000000000000001111111110000000000000000000000000011111111110000000000000000001111111111111111111111110000
000000000000000000000000000000000111111111111111111111111111111111111111110000000000000000000000000000000000000000000000111111111111100000000000000001111111110000000000000000000000000011111111110000000000000000001111111111111111111111110000
000000000000000000000000000000000011111111111111111111111111111111111111100000000000000000000000000000000000000000000000111111111110000000000000000001111111110000000000000000000000000011111111111100000000000000111111111111111111111111110000
000000000000000000000000000000000000000000000000000000000000000000000000000000000000000000000000000000000000000000000000111111111000000000000000000001111111110000000000000000000000000011111111111100000000000000111111111111111111111111110000
000000000000000000000000000000000000000000000000000000000000000000000000000000000000000000000000000000000000000000000000111111111000000000000000000011111111110000000000000000000000000011111111111100000000000000111111111111111111111111110000
000000000000000000000000000000000000000000000000000000000000000000000000000000000000000000000000000000000000000000000000111111111000000000000000111111111111110000000000000000000000000011111111111100000000000000111111111111111111111111110000
000000000000000000000000000000000000000000000000000000000000000000000000000000000000000000000000000000000000000000000000111111111000000000000001111111111111110000000000000000000000000011111111111100000000000000111111111111111111111111110000
000000000000000000000000000000000000000000000000000000000000000000000000000000000000000000000000000000000000000000000000111111111000000000000011111111111111110000000000000000000000000011111111111100000000000000111111111111111111111111110000
000000000000000000000000000000000000000000000000000000000000000000000000000000000000000000000000000000000000000000000000111111111000000000000011111111111111110000000000000000000000000011111111111100000000000000111111111111111111111111110000
000000000000000000000000000000000000000000000000000000000000000000000000000000000000000000000000000000000000000000000000111111111000000000000011111111111111110000000000000000000000000011111111111100000000000000111111111111111111111111110000
000000000000000000000000000000000000000000000000000000000000000000000000000000000000000000000000000000000000000000000000111111111000000000000011111111111111110000000000000000000000000011111111111100000000000000111111111111111111111111110000
000000000000000000000000000000000000000000000000000000000000000000000000000000000000000000000000000000000000000000000000111111111000000000000011111111111111110000000000000000000000000011111111111100000000000000111111111111111111111111110000
000000000000000000000000000000000000000000000000000000000000000000000000000000000000000000000000000000000000000000000000111111111000000000000111111111111111111100000000000000000000001111111111111100000000000000111111111111111111111111110000
000000000000000000000000000000000000000000000000000000000000000000000000000000000000000000000000000000000000000000000000111111111000000000011111111111111111111100000000000000000000001111111111111111111111111111111111111111111111111111110000
000000000000000000000000000000000000000000000000000000000000000000000000000000000000000000000000000000000000000000000000111111111000000000111111111111111111111100000000000000000000001111111111111111111111111111111111111111111111111111110000
000000000000000000000000000000000000000000000000000000000000000000000000000000000000000000000000000000000000000000000000111111111000000000111111111111111111111100000000000000000000001111111111111111111111111111111111111111111111111111000000
000000000000000000000000000000000000000000000000000000000000000000000000000000000000000000000000000000000000000000000000111111111000000001111111111111111111111100000000000000000000001111111111111111111111111111111111111111111111111100000000
000000000000000000000000000000000000000000000000000000000000000000000000000000000000000000000000000000000000000000000000111111111000000111111111111111111111111100000000000000000000001111111111111111111111111111111111111111111111111100000000
000000000000000000000000000000000000000000000000000000000000000000000000000000000000000000000000000000000000000000000000111111111000001111111111111111111111111100000000000000000000001111111100000000000000000000000000111111111111111100000000
000000000000000000000000000000000000000000000000000000000000000000000000000000000000000000000000000000000000000000000000111111111000001111111111111111111111111100000000000000000000001111111100000000000000000000000000111111111111111100000000
000000000000000000000000000000000000000000000000000000000000000000000000000000000000000000000000000000000000000000000000111111111000001111111111111111111111111100000000000000000000001111111100000000000000000000000000111111111111111100000000
000000000000000000000000000000000000000000000000000000000000000000000000000000000000000000000000000000000000000000000000111111111000001111111111111111111111111100000000000000000000001111111100000000000000000000000000111111111111111100000000
000000000000000000000000000000000000000000000000000000000000000000000000000000000000000000000000000000000000000000000000111111111000001111111111111111111111111100000000000000000000001111111100000000000000000000000000111111111111111100000000
000000000000000000000000000000000000000000000000000000000000000000000000000000000000000000000000000000000000000000000000111111111000001111111111111111111111111100000000000000000000001111111100000000000000000000000000111111111111111100000000
000000000000000000000000000000000000000000000000000000000000000000000000000000000000000000000000000000000000000000000000111111111000000000111111111111111111111100000000000000000000001111111100000000000000000000000000111111111111111100000000
000000000000000000000000000000000000000000000000000000000000000000000000000000000000000000000000000000000000000000000000111111111111111111111111111111111111111111111111111111111111111111111100000000000000000000000000111111111111111100000000
000000000000000000000000000000000000000000000000000000000000000000000000000000000000000000000000000000000000000000000000111111111111111111111111111111111111111111111111111111111111111111111100000000000000000000000000111111111111111100000000
000000000000000000000000000000000000000000000000000000000000000000000000000000000000000000000000000000000000000000000000111111111111111111111111111111111111111100000011111111111111111111111100000000000000000000000000111111111111111100000000
000000000000000000000000000000000000000000000000000000000000000000000000000000000000000000000000000000000000000000000000111111111000000011111111111111111111111100000011111111111111111111111100000000000000000000000000111111111111111100000000
000000000000000000000000000000000000000000000000000000000000000000000000000000000000000000000000000000000000000000000000111111111000000001111111111111111111111100000011111111111111111111111100000000000000000000000000111111111111111100000000
000000000000000000000000000000000000000000000000000000000000000000000000000000000000000000000000000000000000000000000000111111111000001111111111111111111111110000000000000000001111111111111100000000000000000000000000111111111111111100000000
000000000000000000000000000000000000000000000000000000000000000000000000000000000000000000000000000000000000000000000000111111111000001111111111111111111111110000000000000000001111111111111100000000000000000000000000111111111111111100000000
000000000000000000000000000000000000000000000000000000000000000000000000000000000000000000000000000000000000000000000000111111111000001111111111111111111111110000000000000000001111111111111100000000000000000000000000111111111111111100000000
000000000000000000000000000000000000000000000000000000000000000000000000000000000000000000000000000000000000000000000000111111111000001111111111111111111111110000000000000000001111111111111100000000000000000000000000111111111111111100000000
000000000000000000000000000000000000000000000000000000000000000000000000000000000000000000000000000000000000000000000000111111111000001111111111111111111111110000000000000000001111111111111100000000000000000000000000111111111111111100000000
000000000000000000000000000000000000000000000000000000000000000000000000000000000000000000000000000000000000000000000000111111111000001111111111111111111111110000000000000000001111111111111111000000000000000000000011111111111111111100000000
000000000000000000000000000000000000000000000000000000000000000000000000000000000000000000000000000000000000000000000000111111111000001111111111111111111111110000000000000000001111111111111111000000000000000000000011111111111111111100000000
000000000000000000000000000000000000000000000000000000000000000000000000000000000000000000000000000000000000000000000000111111111000001111111111111111111111110000000000000000001111111111111111000000000000000000000011111111111111111100000000
000000000000000000000000000000000000000000000000000000000000000000000000000000000000000000000000000000000000000000000000111111111000001111111111111111111111110000000000000000001111111111111111000000000000000000000011111111111111111100000000
000000000000000000000000000000000000000000000000000000000000000000000000000000000000000000000000000000000000000000000011111111111000001111111111111111111111110000000000000000001111111111111111000000000000000000000011111111111111111100000000
000000000000000000000000000000000000000000000000000000000000000000000000000000000000000000000000000000000000000000000011111111111000001111111111111111111111110000000000000000001111111111111111000000000000000000000011111111111111111100000000
000000000000000000000000000000000000000000000000000000000000000000000000000000000000000000000000000000000000000000011111111111111000001111111111111111111111110000000000000000001111111111111111000000000000000000000011111111111111111100000000
000000000000000000000000000000000000000000000000000000000000000000000000000000000000000000000000000000000000000000011111111111111000001111111111111111111111110000000000000000001111111111111111000000000000000000000011111111111111111100000000
000000000000000000000000000000000000000000000000000000000000000000000000000000000000000000000000000000000000000000011111111111111000001111111111111111111111111100000000000000111111111111111111000000000000000000000011111111111111111100000000
000000000000000000000000000000000000000000000000000000000000000000000000000000000000000000000000000000000000000000011111111111111000001111111111111111111111111100000000000000111111111111111111000000000000000000000011111111111111111100000000
000000000000000000000000000000000000000000000000000000000000000000000000000000000000000000000000000000000000000111111111111111111000001111111111111111111111111100000000000000111111000000001111000000000000000000000011111111111111111111110000
000000000000000000000000000000000000000000000000000000000000000000000000000000000000000000000000000000000000000111111111111111111000001111111111111111111111111100000000000000111111000000001111000000000000000000000011111111111111111111110000
000000000000000000000000000000000000000000000000000000000000000000000000000000000000000000000000000000000000000111111111111111111000001111111111111111111111111100000000000000111111000000001111000000000000000000000011111111111111111111110000
000000000000000000000000000000000000000000000000000000000000000000000000000000000000000000000000000000000000011111111111111111111000001111111111111111111111111100000000000000111111000000001111000000000000000000000011111111111111111111110000
000000000000000000000000000000000000000000000000000000000000000000000000000000000000000000000000000000000000011111111111111111111000000001111111111111111111111100000000000000111111000000001111111111111111111111111111111111111111111111110000
000000000000000000000000000000000000000000000000000000000000000000000000000000000000000000000000000000000000011111111111111111111000000001111111111111111111111100000000000000111111000000001111111111111111111111111111111111111111111111110000
000000000000000000000000000000000000000000000000000000000000000000000000000000000000000000000000000000000000011111111111111111111000000000111111111111111111111100000000000000111111000000001111111111111111111111111111111111111111111111110000
000000000000000000000000000000000000000000000000000000000000000000000000000000000000000000000000000000000000000111111111111111111100000000011111111111111111111100000000000000111111000000001111111111111111111111111111111111111111111111110000
000000000000000000000000000000000000000000000000000000000000000000000000000000000000000000000000000000000000000111111111111111111111000000000111111111111111111111111111111111111111000000001111222222221111111111111111111111111111111111110000
000000000000000000000000000000000000000000000000000000000000000000000000000000000000000000000000000000000000000000011111111111111111100000000001111111111111111111111111111111111111000000001111222222221111111111111111111111111111111111110000
000000000000000000000000000000000000000000000000000000000000000000000000000000000000000000000000000000000000000000011111111111111111100000000001111111111111111111111111111111111111000000001111222222221111111111111111111111111111111111110000
000000000000000000000000000000000000000000000000000000000000000000000000000000000000000000000000000000000000000000011111111111111111110000000000011111111111111111111111111111111111000000001111222222221111111111111111111111111111111111110000
000000000000000000000000000000000000000000000000000000000000000000000000000000000000000000000000000000000000000000011111111111111111111100000000011111111111111111111111111111111111000000001111222222221111111111111111111111111111111111110000
000000000000000000000000000000000000000000000000000000000000000000000000000000000000000000000000000000000000000000011111111111111111111110000000000111111111111111111111111111111111000000001111222222221111111111111111111111111111111111110000
000000000000000000000000000000000000000000000000000000000000000000000000000000000000000000000000000000000000000000000001111111111111111110000000000111111111111111111111111111111111111111111111222222221111111111111111111111111111111111110000
000000000000000000000000000000000000000000000000000000000000000000000000000000000000000000000000000000000000000000000001111111111111111111000000000000111111111111111111111111111111111111111111222222221111111111111111111111111111111111110000
000000000000000000000000000000000000000000000000000000000000000000000000000000000000000000000000000000000000000000000001111111111111111111110000000000000001111111111111111111111111111111111111111111111111111111111111111111111111111111110000
000000000000000000000000000000000000000000000000000000000000000000000000000000000000000000000000000000000000000000000001111111111111111111111000000000000001111111111111111111111111111111111111111111111111111111111111111111111111111111110000
000000000000000000000000000000000000000000000000000000000000000000000000000000000000000000000000000000000000000000000001111111111111111111111000000000000001111111111111111111111111111111111111111111111111111111111111111111111111111111110000
000000000000000000000000000000000000000000000000000000000000000000000000000000000000000000000000000000000000000000000001111111111111111111111000000000000001111111111111111111111111111111111111111111111111111111111111111111111111111111110000
000000000000000000000000000000000000000000000000000000000000000000000000000000000000000000000000000000000000000000000000000000000000000000000000000000000000000000000000000000000000000000000000000000000000000000000000000000000000000000000000
000000000000000000000000000000000000000000000000000000000000000000000000000000000000000000000000000000000000000000000000000000000000000000000000000000000000000000000000000000000000000000000000000000000000000000000000000000000000000000000000
000000000000000000000000000000000000000000000000000000000000000000000000000000000000000000000000000000000000000000000000000000000000000000000000000000000000000000000000000000000000000000000000000000000000000000000000000000000000000000000000
000000000000000000000000000000000000000000000000000000000000000000000000000000000000000000000000000000000000000000000000000000000000000000000000000000000000000000000000000000000000000000000000000000000000000000000000000000000000000000000000
